4811
178115
223501
47802
44123
141995
12221
36572
138263
16537
215487
108701
153631
177489
116662
110139
439190
67821
41148
262537
131975
110286
104350
136658
310211
73282
48267
120368
24997
29020
134442
177469
1
425824
289694
29671
131579
78337
59868
129008
218775
13469
136093
200968
130535
147990
72664
284680
34272
201496
106669
205416
65281
165858
81118
185648
21228
143169
137204
153535
317416
501067
246309
31748
259140
48308
387795
25187
53126
259829
37634
72220
94800
60317
308575
410184
233569
164592
87710
280800
96136
106030
236498
61080
295621
163941
259583
25020
54371
159264
124924
33367
136609
91799
357715
316467
46939
10997
174770
232399
61180
131692
153941
399387
72847
22453
317556
131974
43882
81359
23368
90220
198371
251744
5071
239143
139093
261862
143755
288324
9953
54299
171148
151677
79840
201053
99695
50327
152357
93730
321997
213734
120748
18856
240620
45320
275607
84223
13012
114393
19633
85039
82024
44907
84683
181251
433059
263073
149571
170402
164057
66392
243967
12835
165206
77479
348109
177608
228097
63031
154486
24089
235319
282100
188682
168951
466689
127215
142027
188215
267587
625247
266323
94374
296156
78646
34191
130014
13344
134306
131739
120741
83376
229655
159699
75837
218926
239590
184975
250863
141718
211500
168369
55306
451312
17415
45813
339796
27661
7507
305497
114929
133992
14118
267318
46035
162298
97080
90207
89618
213353
253243
181141
387705
231299
306130
28117
19941
74113
91377
116057
276251
520985
101204
8230
144727
323676
122540
206827
143790
52405
135415
151581
85082
121238
190498
350707
368756
443983
101902
28839
13938
18526
221809
158837
214546
13681
411357
87344
107200
227074
93758
14037
77265
109138
44532
286847
44529
223086
294899
30021
147894
305690
139795
54541
193727
377459
124746
67630
10694
289848
196300
104863
212294
4551
143071
253108
333887
285072
35587
159669
284498
161084
141758
13563
132060
124952
135629
30561
235254
248517
428757
121714
47502
241240
421574
43051
68649
170657
51703
313481
216117
203859
144063
10259
35849
146034
284582
280533
20095
329656
359965
300640
233291
105640
104872
210029
191360
83960
367909
214724
111351
263430
230584
36543
157392
63840
99922
27414
88827
20925
284642
116706
347578
418911
64661
232244
114597
155442
110519
305631
35559
297251
56118
502488
30186
363573
56735
70699
70184
69485
1
229107
235837
78120
228622
55733
110727
241823
318426
243233
103491
115843
160371
76688
239246
166572
61859
301926
55950
285849
78331
197021
43198
304979
34651
130740
51969
200955
295726
426216
147902
84556
105558
142643
248122
364697
178118
90862
54251
34164
21810
48362
196113
61494
296374
33579
49092
107348
338032
102033
26519
52643
202223
44921
88807
159819
58394
11341
105797
35525
261563
192401
13362
47544
193924
13963
55953
92951
51143
218278
228579
250344
283528
70394
47763
43915
20504
147894
156320
67564
4528
126557
176165
112016
13165
43919
125364
136250
8308
99623
226917
5029
135882
34274
180112
170405
53117
481693
118730
62071
392923
128383
168210
258420
221477
59285
167818
511146
391114
595374
191060
89569
266024
267713
162747
1278078
110173
101911
1
34942
114574
182105
122015
122917
149796
175852
418726
70772
146011
195977
254846
257798
54431
301529
23926
39643
49958
158810
402421
242063
36313
169051
316577
89575
85209
422777
58328
290970
387003
391913
315988
101643
204239
208973
188779
31790
85651
287214
243683
497731
352818
257625
126274
315818
286737
180727
58969
82221
216093
456329
133678
200996
95893
38054
178693
177344
100938
194482
276294
50627
32815
336051
4967
441287
38264
167659
204060
295571
297248
17995
363497
37956
26440
260028
133549
304294
329229
173352
37203
139307
339193
399148
163927
192591
16793
216237
95885
334941
25030
61246
11044
245899
470002
175578
281369
348234
453490
127374
7939
78090
350789
94404
48260
313995
406829
196068
234782
71618
119020
155635
215993
22427
29931
91163
43757
218419
502021
109185
519069
94504
180403
42097
52552
180994
196694
82529
185155
59251
24214
367290
206560
247171
301841
36171
49241
329736
116984
206144
15432
115111
134767
57328
410872
103295
13204
81585
260724
131322
55388
38159
113162
328720
90457
210430
72226
76259
118203
96631
42474
20651
565795
255414
230488
120820
384017
6181
29627
34543
212108
25512
10789
404570
149636
16935
206646
16227
17810
158645
163588
144004
10147
85277
165048
131142
164257
150504
32697
245698
66457
93481
47999
130457
53532
98967
225615
106027
108388
214240
337869
89452
210013
74675
154796
45286
16603
75904
167027
205937
78501
99369
40987
173448
214468
113149
89685
31454
475148
123727
142497
58064
112899
45423
82377
73425
7369
153296
249704
132920
215613
19573
244102
17003
65204
487689
150916
194442
239593
127395
47504
191516
146889
70498
163821
328791
397332
59521
75225
176336
98302
412302
287112
209737
89728
118870
189572
333041
137265
215042
16402
237372
370479
217007
82570
217604
256187
56068
239415
278587
257706
154149
267134
150798
328252
18329
155373
107620
212614
78420
95776
308420
20426
26411
50816
89190
5127
160913
59056
100555
228040
24474
30934
57217
108316
337167
78123
22641
62546
367016
44021
125917
254933
182531
193777
14261
132538
37850
45815
358711
87910
20179
221444
190475
55751
320301
66457
88391
343964
247669
144175
76140
241816
85419
11455
66216
240291
244087
87441
294219
33133
9999
1
289831
259052
112215
114987
389196
30666
445528
343088
18435
134906
227771
68291
118235
33921
355971
117721
15281
275350
81047
251197
126275
29893
52616
237831
131339
39089
42575
322109
200789
172511
164376
318358
310414
78028
177360
1392206
95159
83335
82609
113562
52745
249068
373548
114681
293685
327465
238879
80993
188352
49515
64130
141414
293524
946408
196811
24640
342751
128233
45268
151250
165567
44751
69047
146417
171302
213353
319165
202104
124108
36173
30612
53474
259408
132082
47654
248471
148985
1
76346
125184
31505
279902
227710
48043
65633
16292
69125
73422
45231
162622
227512
57381
86045
78865
96324
20702
162119
88493
246532
371407
84481
60716
190795
31888
95374
45705
19807
416937
70807
105603
177543
10875
114868
165301
91777
300734
267707
179274
69459
336221
1775138
185526
373987
235324
21516
211315
383192
104289
157736
80342
153370
34464
19217
43453
255346
251296
163536
193399
251385
332210
120713
5413
213637
19560
323401
229114
348941
312876
106566
3665
27676
61380
70646
341404
31056
148537
307286
5794
248553
67555
265332
196250
178701
258475
188162
330739
408918
94609
88419
85424
50542
144292
149353
50446
29997
574713
105868
78627
467816
143521
316200
19815
84856
64698
111823
43649
364513
476441
48912
95234
4021
233959
34146
89254
219998
303184
23742
266854
